
                     mean       std    median      2.5%     97.5%     n_eff     r_hat
covariance[0,0]      1.00      0.00      1.00      1.00      1.00       nan       nan
covariance[0,1]      0.00      0.00      0.00      0.00      0.00       nan       nan
covariance[0,2]      0.00      0.00      0.00      0.00      0.00       nan       nan
covariance[0,3]      0.00      0.00      0.00      0.00      0.00       nan       nan
covariance[0,4]      0.00      0.00      0.00      0.00      0.00       nan       nan
covariance[1,0]     -0.47      0.06     -0.47     -0.59     -0.35   1838.32      1.00
covariance[1,1]      0.88      0.03      0.88      0.82      0.94   1813.88      1.00
covariance[1,2]      0.00      0.00      0.00      0.00      0.00       nan       nan
covariance[1,3]      0.00      0.00      0.00      0.00      0.00       nan       nan
covariance[1,4]      0.00      0.00      0.00      0.00      0.00       nan       nan
covariance[2,0]     -0.41      0.05     -0.41     -0.50     -0.32   1935.66      1.00
covariance[2,1]      0.75      0.02      0.75      0.70      0.80   2210.87      1.00
covariance[2,2]      0.52      0.03      0.52      0.46      0.57   1591.09      1.00
covariance[2,3]      0.00      0.00      0.00      0.00      0.00       nan       nan
covariance[2,4]      0.00      0.00      0.00      0.00      0.00       nan       nan
covariance[3,0]     -0.36      0.04     -0.36     -0.43     -0.29   1707.67      1.00
covariance[3,1]      0.67      0.02      0.67      0.64      0.71   2049.79      1.00
covariance[3,2]      0.57      0.02      0.57      0.54      0.60   1646.08      1.00
covariance[3,3]      0.29      0.01      0.29      0.27      0.31   1999.42      1.00
covariance[3,4]      0.00      0.00      0.00      0.00      0.00       nan       nan
covariance[4,0]      0.16      0.07      0.16      0.02      0.30   2703.75      1.00
covariance[4,1]     -0.35      0.06     -0.35     -0.48     -0.25   2155.32      1.00
covariance[4,2]     -0.25      0.05     -0.25     -0.33     -0.15   2413.47      1.00
covariance[4,3]     -0.24      0.03     -0.24     -0.30     -0.18   2327.53      1.00
covariance[4,4]      0.85      0.04      0.85      0.76      0.93   1649.71      1.00
        mu[0,0]     -0.04      0.00     -0.04     -0.04     -0.04   4746.10      1.00
        mu[0,1]      0.04      0.00      0.04      0.04      0.05   5384.39      1.00
        mu[0,2]      0.03      0.00      0.03      0.03      0.03   4627.58      1.00
        mu[0,3]      0.06      0.00      0.06      0.05      0.06   4696.97      1.00
        mu[0,4]     -0.00      0.00     -0.00     -0.01     -0.00   4021.66      1.00
        mu[1,0]     -0.00      0.00     -0.00     -0.01      0.00   4995.14      1.00
        mu[1,1]     -0.00      0.00     -0.00     -0.00      0.00   5692.23      1.00
        mu[1,2]     -0.00      0.00     -0.00     -0.00      0.00   5121.70      1.00
        mu[1,3]     -0.00      0.00     -0.00     -0.00      0.00   5398.75      1.00
        mu[1,4]      0.00      0.00      0.00     -0.00      0.00   4039.35      1.00
     sigma[0,0]      0.00      0.00      0.00      0.00      0.00   2855.68      1.00
     sigma[0,1]      0.00      0.00      0.00      0.00      0.00       nan       nan
     sigma[0,2]      0.00      0.00      0.00      0.00      0.00       nan       nan
     sigma[0,3]      0.00      0.00      0.00      0.00      0.00       nan       nan
     sigma[0,4]      0.00      0.00      0.00      0.00      0.00       nan       nan
     sigma[1,0]     -0.00      0.00     -0.00     -0.00     -0.00   1682.80      1.00
     sigma[1,1]      0.00      0.00      0.00      0.00      0.00   2558.35      1.00
     sigma[1,2]      0.00      0.00      0.00      0.00      0.00       nan       nan
     sigma[1,3]      0.00      0.00      0.00      0.00      0.00       nan       nan
     sigma[1,4]      0.00      0.00      0.00      0.00      0.00       nan       nan
     sigma[2,0]     -0.00      0.00     -0.00     -0.00     -0.00   1606.86      1.00
     sigma[2,1]      0.00      0.00      0.00      0.00      0.00   1624.28      1.00
     sigma[2,2]      0.00      0.00      0.00      0.00      0.00   2727.63      1.00
     sigma[2,3]      0.00      0.00      0.00      0.00      0.00       nan       nan
     sigma[2,4]      0.00      0.00      0.00      0.00      0.00       nan       nan
     sigma[3,0]     -0.00      0.00     -0.00     -0.00     -0.00   1463.86      1.00
     sigma[3,1]      0.00      0.00      0.00      0.00      0.00   1665.90      1.00
     sigma[3,2]      0.00      0.00      0.00      0.00      0.00   2027.77      1.00
     sigma[3,3]      0.00      0.00      0.00      0.00      0.00   2188.29      1.00
     sigma[3,4]      0.00      0.00      0.00      0.00      0.00       nan       nan
     sigma[4,0]      0.00      0.00      0.00      0.00      0.00   2513.01      1.00
     sigma[4,1]     -0.00      0.00     -0.00     -0.00     -0.00   1781.92      1.00
     sigma[4,2]     -0.00      0.00     -0.00     -0.00     -0.00   2024.19      1.00
     sigma[4,3]     -0.00      0.00     -0.00     -0.00     -0.00   1814.32      1.00
     sigma[4,4]      0.00      0.00      0.00      0.00      0.00   4464.62      1.00
    variance[0]      0.03      0.00      0.03      0.03      0.03   2857.61      1.00
    variance[1]      0.02      0.00      0.02      0.02      0.02   1885.34      1.00
    variance[2]      0.01      0.00      0.01      0.01      0.01   1642.73      1.00
    variance[3]      0.03      0.00      0.03      0.03      0.03   1726.49      1.00
    variance[4]      0.01      0.00      0.01      0.00      0.01   1982.50      1.00

Mean pvalue is 1.0
number of divergences is 0
[[253  47]
 [  0 300]]
[[264  36]
 [  0 300]]
LOO


Computed from 4000 posterior samples and 600 observations log-likelihood matrix.

         Estimate       SE
elpd_loo  -574.57    82.54
p_loo      215.19        -

There has been a warning during the calculation. Please check the results.
------

Pareto k diagnostic values:
                         Count   Pct.
(-Inf, 0.5]   (good)      250   41.7%
 (0.5, 0.7]   (ok)          1    0.2%
   (0.7, 1]   (bad)         3    0.5%
   (1, Inf)   (very bad)  346   57.7%

WAIC


elpdWAIC is Computed from 4000 posterior samples and 600 observations log-likelihood matrix.

          Estimate       SE
elpd_waic  -671.13   112.37
p_waic      311.76        -

There has been a warning during the calculation. Please check the results.
elpdDIC is [-469.10303]
rse is 3.8935924
rhat is 1.0032644
