
                  mean       std    median      2.5%     97.5%     n_eff     r_hat
  bias0[0,0]     -0.10      0.00     -0.10     -0.10     -0.09   7251.80      1.00
  bias0[0,1]     -0.26      0.00     -0.26     -0.26     -0.26   8015.66      1.00
  bias0[0,2]      0.17      0.00      0.17      0.17      0.17   7969.52      1.00
  bias0[0,3]      0.27      0.00      0.27      0.27      0.27   7199.09      1.00
  bias1[0,0]     -0.93      0.00     -0.93     -0.94     -0.93   7183.17      1.00
  bias1[0,1]     -0.52      0.00     -0.52     -0.52     -0.52   7748.54      1.00
  bias1[0,2]      1.09      0.00      1.09      1.09      1.09   8263.97      1.00
  bias2[0,0]      4.31      0.00      4.31      4.31      4.31   8709.92      1.00
  bias2[0,1]     -4.31      0.00     -4.31     -4.31     -4.31   7821.09      1.00
matrix0[0,0]     -1.22      0.00     -1.22     -1.23     -1.22   8502.77      1.00
matrix0[0,1]      3.90      0.00      3.90      3.90      3.90   8011.00      1.00
matrix0[0,2]      1.83      0.00      1.83      1.83      1.83   7494.18      1.00
matrix0[0,3]      2.51      0.00      2.51      2.50      2.51   7232.16      1.00
matrix0[1,0]      1.11      0.00      1.11      1.10      1.11   7547.26      1.00
matrix0[1,1]     -2.08      0.00     -2.08     -2.08     -2.08   8920.86      1.00
matrix0[1,2]     -1.77      0.00     -1.77     -1.77     -1.77   8291.83      1.00
matrix0[1,3]     -2.18      0.00     -2.18     -2.18     -2.18   7935.52      1.00
matrix0[2,0]      3.68      0.00      3.68      3.68      3.69   7406.57      1.00
matrix0[2,1]      3.60      0.00      3.60      3.60      3.61   7923.95      1.00
matrix0[2,2]     -3.72      0.00     -3.72     -3.72     -3.71   7535.05      1.00
matrix0[2,3]     -2.09      0.00     -2.09     -2.09     -2.08   7787.80      1.00
matrix0[3,0]      4.53      0.00      4.53      4.53      4.54   7700.43      1.00
matrix0[3,1]      5.30      0.00      5.30      5.29      5.30   7829.73      1.00
matrix0[3,2]     -2.69      0.00     -2.69     -2.69     -2.69   8543.90      1.00
matrix0[3,3]     -2.86      0.00     -2.86     -2.86     -2.86   8985.32      1.00
matrix0[4,0]      2.72      0.00      2.72      2.72      2.72   7175.80      1.00
matrix0[4,1]     -2.28      0.00     -2.28     -2.28     -2.28   7648.15      1.00
matrix0[4,2]     -1.02      0.00     -1.02     -1.02     -1.02   8769.96      1.00
matrix0[4,3]     -0.46      0.00     -0.46     -0.46     -0.45   8229.24      1.00
matrix1[0,0]     -3.29      0.00     -3.29     -3.29     -3.29   7422.00      1.00
matrix1[0,1]     -6.24      0.00     -6.24     -6.25     -6.24   7638.08      1.00
matrix1[0,2]      2.64      0.00      2.64      2.64      2.64   7941.85      1.00
matrix1[1,0]     -3.56      0.00     -3.56     -3.56     -3.55   9085.27      1.00
matrix1[1,1]     -1.62      0.00     -1.62     -1.63     -1.62   8183.72      1.00
matrix1[1,2]      5.45      0.00      5.45      5.45      5.45   7030.18      1.00
matrix1[2,0]      3.21      0.00      3.21      3.20      3.21   7233.21      1.00
matrix1[2,1]      4.83      0.00      4.83      4.83      4.84   7730.96      1.00
matrix1[2,2]     -1.62      0.00     -1.62     -1.62     -1.62   7923.53      1.00
matrix1[3,0]      2.67      0.00      2.67      2.67      2.67   8613.52      1.00
matrix1[3,1]      4.59      0.00      4.59      4.59      4.59   8016.75      1.00
matrix1[3,2]     -1.94      0.00     -1.94     -1.94     -1.94   7260.45      1.00
matrix2[0,0]     -2.54      0.00     -2.54     -2.54     -2.54   8150.24      1.00
matrix2[0,1]      2.08      0.00      2.08      2.08      2.09   9037.23      1.00
matrix2[1,0]     -1.46      0.00     -1.46     -1.46     -1.45   7940.46      1.00
matrix2[1,1]      3.58      0.00      3.58      3.58      3.58   8536.73      1.00
matrix2[2,0]      2.31      0.00      2.31      2.31      2.31   8353.93      1.00
matrix2[2,1]     -2.67      0.00     -2.67     -2.67     -2.66   8214.83      1.00

Mean pvalue is 0.60175
number of divergences is 0
[[295   5]
 [  1 299]]
[[294   6]
 [  3 297]]
LOO


Computed from 4000 posterior samples and 600 observations log-likelihood matrix.

         Estimate       SE
elpd_loo   -26.66     8.73
p_loo        0.01        -

There has been a warning during the calculation. Please check the results.
------

Pareto k diagnostic values:
                         Count   Pct.
(-Inf, 0.5]   (good)      323   53.8%
 (0.5, 0.7]   (ok)          0    0.0%
   (0.7, 1]   (bad)         0    0.0%
   (1, Inf)   (very bad)  277   46.2%

WAIC


elpdWAIC is Computed from 4000 posterior samples and 600 observations log-likelihood matrix.

          Estimate       SE
elpd_waic   -26.66     8.73
p_waic        0.01        -
elpdDIC is -0.005130768
[-0.09526817 -0.26116577  0.17170046  0.26801392]
[-0.93310034 -0.5212177   1.089565  ]
[ 4.311808 -4.31169 ]
[-1.2248918   3.9015412   1.8328414   2.5066042   1.1057867  -2.079915
 -1.7671527  -2.1814864   3.6831262   3.6041083  -3.7154858  -2.0858603
  4.533224    5.2959194  -2.6929812  -2.8602643   2.721827   -2.2810051
 -1.0189844  -0.45596635]
[-3.287694  -6.244088   2.6408195 -3.5560763 -1.624199   5.4521155
  3.206482   4.8336163 -1.61774    2.6678452  4.588537  -1.9415832]
[-2.5396519  2.0846314 -1.4556979  3.5812976  2.3106918 -2.6657803]
rse is 0.0056074853
