
                mean       std    median      2.5%     97.5%     n_eff     r_hat
alpha[0,0]      0.27      0.07      0.27      0.14      0.42   3248.33      1.00
 beta[0,0]     -0.00      0.10     -0.00     -0.20      0.21   7996.45      1.00
 beta[1,0]     -0.14      0.07     -0.14     -0.29     -0.00   3241.36      1.00
 beta[2,0]      0.17      0.10      0.17     -0.02      0.37   8285.90      1.00
 beta[3,0]      0.00      0.10      0.00     -0.19      0.20   7545.46      1.00
 beta[4,0]      0.00      0.10      0.00     -0.20      0.21   7292.79      1.00
 beta[5,0]     -2.18      0.08     -2.18     -2.35     -2.02   5996.09      1.00
 beta[6,0]      0.01      0.10      0.01     -0.19      0.20   8075.14      1.00
 beta[7,0]      0.00      0.10      0.00     -0.20      0.20   8818.85      1.00
 beta[8,0]     -0.09      0.10     -0.09     -0.29      0.10   8242.31      1.00
 beta[9,0]      0.00      0.10      0.00     -0.20      0.19   8284.06      1.00
beta[10,0]     -0.00      0.10     -0.00     -0.19      0.20   8404.03      1.00
beta[11,0]     -1.28      0.10     -1.28     -1.48     -1.10   7058.33      1.00
beta[12,0]      0.00      0.10      0.01     -0.19      0.20   9527.05      1.00
beta[13,0]      0.00      0.10     -0.00     -0.20      0.19   8331.93      1.00
beta[14,0]     -0.05      0.10     -0.05     -0.25      0.15   7725.90      1.00
beta[15,0]     -0.00      0.10     -0.00     -0.20      0.19   8278.06      1.00
beta[16,0]     -0.00      0.10     -0.00     -0.20      0.19   9133.00      1.00
beta[17,0]     -0.03      0.10     -0.03     -0.22      0.16   8491.47      1.00
beta[18,0]      0.00      0.10      0.00     -0.20      0.20   8262.44      1.00
beta[19,0]     -0.00      0.10     -0.00     -0.19      0.18   9236.86      1.00
beta[20,0]     -0.00      0.10     -0.00     -0.20      0.19   8407.26      1.00
beta[21,0]     -1.56      0.09     -1.56     -1.73     -1.39   7210.31      1.00
beta[22,0]      0.00      0.10      0.00     -0.19      0.20   8319.43      1.00
beta[23,0]     -0.00      0.10      0.00     -0.20      0.19   6777.25      1.00
beta[24,0]     -0.07      0.10     -0.07     -0.27      0.12   8405.69      1.00
beta[25,0]      0.00      0.10      0.00     -0.21      0.18   8397.04      1.00
beta[26,0]     -0.00      0.10     -0.00     -0.19      0.19   7067.93      1.00
beta[27,0]     -0.04      0.10     -0.04     -0.24      0.16   7388.52      1.00
beta[28,0]      0.00      0.10     -0.00     -0.20      0.19   8119.48      1.00
beta[29,0]     -0.00      0.10     -0.00     -0.20      0.20   7625.23      1.00
beta[30,0]     -0.00      0.10     -0.00     -0.20      0.19   8133.13      1.00
beta[31,0]     -0.05      0.10     -0.05     -0.27      0.12   8554.78      1.00
beta[32,0]     -0.00      0.10     -0.00     -0.20      0.19   8867.30      1.00
beta[33,0]     -0.00      0.10     -0.00     -0.20      0.18   7813.62      1.00
beta[34,0]     -0.00      0.10     -0.00     -0.20      0.19   6735.68      1.00
beta[35,0]     -0.00      0.10     -0.00     -0.19      0.20   6872.44      1.00
beta[36,0]      0.57      0.07      0.57      0.42      0.70   7174.24      1.00
beta[37,0]     -0.00      0.10     -0.00     -0.20      0.18   8466.89      1.00
beta[38,0]      0.00      0.10      0.00     -0.19      0.18   6606.08      1.00
beta[39,0]      0.04      0.10      0.04     -0.16      0.22   8565.14      1.00
beta[40,0]     -0.00      0.10     -0.00     -0.19      0.21   8873.40      1.00
beta[41,0]     -0.00      0.10     -0.00     -0.20      0.19   9282.29      1.00
beta[42,0]      0.02      0.10      0.02     -0.17      0.22   6836.19      1.00
beta[43,0]     -0.00      0.10     -0.00     -0.18      0.18   7822.09      1.00
beta[44,0]      0.00      0.10      0.00     -0.19      0.19   8410.91      1.00
beta[45,0]     -0.00      0.10     -0.00     -0.19      0.19   8522.84      1.00
beta[46,0]      0.02      0.10      0.02     -0.17      0.21   8146.26      1.00
beta[47,0]     -0.00      0.10     -0.00     -0.19      0.19   8330.81      1.00
beta[48,0]      0.00      0.10      0.00     -0.19      0.20   7715.18      1.00
beta[49,0]      0.00      0.10      0.00     -0.20      0.19   8317.22      1.00
beta[50,0]      0.00      0.10     -0.00     -0.19      0.19   7602.46      1.00
beta[51,0]     -0.01      0.10     -0.01     -0.20      0.18   7927.75      1.00
beta[52,0]     -0.00      0.10     -0.00     -0.20      0.20   6278.80      1.00
beta[53,0]     -0.00      0.10     -0.00     -0.20      0.19   8616.32      1.00
beta[54,0]     -0.00      0.10     -0.00     -0.18      0.19   7048.71      1.00
beta[55,0]      0.00      0.10      0.00     -0.19      0.20   8625.99      1.00
beta[56,0]     -0.00      0.10      0.00     -0.20      0.20   8486.51      1.00

Mean pvalue is 0.51100004
number of divergences is 0
[[265  35]
 [  0 300]]
[[268  32]
 [  0 300]]
LOO


Computed from 4000 posterior samples and 600 observations log-likelihood matrix.

         Estimate       SE
elpd_loo -250490.06    30.81
p_loo        8.68        -
------

Pareto k diagnostic values:
                         Count   Pct.
(-Inf, 0.5]   (good)      600  100.0%
 (0.5, 0.7]   (ok)          0    0.0%
   (0.7, 1]   (bad)         0    0.0%
   (1, Inf)   (very bad)    0    0.0%

WAIC


elpdWAIC is Computed from 4000 posterior samples and 600 observations log-likelihood matrix.

          Estimate       SE
elpd_waic -250490.05    30.81
p_waic        8.67        -
elpdDIC is [-1.140625]
[0.2728841]
[-2.6272982e-03 -1.4478303e-01  1.7411466e-01  2.5539368e-04
  1.8934350e-03 -2.1823714e+00  8.9087551e-03  9.9428289e-04
 -9.2815429e-02  1.1493517e-03 -4.1677989e-03 -1.2775068e+00
  4.8152385e-03  3.1252540e-04 -5.2684307e-02 -7.5442530e-04
 -2.9486362e-03 -3.1745415e-02  1.7433651e-03 -4.1340250e-03
 -2.7038015e-03 -1.5610482e+00  4.9197185e-03 -1.7736927e-03
 -6.9046617e-02  7.0716906e-04 -1.1223019e-03 -4.0143717e-02
  8.0942096e-05 -1.6160264e-03 -7.0733251e-04 -5.3093787e-02
 -1.5482493e-03 -1.0581181e-03 -2.4035771e-03 -9.9563831e-04
  5.6909627e-01 -1.0701905e-03  3.1041787e-03  3.8091172e-02
 -6.2503816e-05 -5.4580811e-04  2.2993349e-02 -7.8485049e-05
  1.2003434e-03 -4.9691350e-04  2.3544494e-02 -2.1098522e-03
  2.0202880e-03  9.3878573e-04  5.3176365e-04 -8.5916845e-03
 -3.9525272e-05 -1.6559833e-03 -1.3121465e-03  7.1971002e-04
 -1.7220227e-04]
rse is 1208.539
