
                  mean       std    median      2.5%     97.5%     n_eff     r_hat
  bias0[0,0]     -0.00      0.29     -0.00     -0.59      0.64   2397.60      1.00
  bias0[0,1]     -0.01      0.28     -0.00     -0.67      0.52   2304.59      1.00
  bias0[0,2]     -0.00      0.29      0.00     -0.65      0.61   2393.73      1.00
  bias0[0,3]     -0.01      0.30     -0.00     -0.74      0.62   1591.34      1.00
  bias1[0,0]      0.01      0.27      0.00     -0.53      0.52   2706.81      1.00
  bias1[0,1]      0.00      0.29      0.00     -0.55      0.59   2652.77      1.00
  bias1[0,2]     -0.00      0.28     -0.00     -0.55      0.56   3882.28      1.00
  bias2[0,0]      0.00      0.41      0.00     -0.79      0.81   3852.79      1.00
  bias2[0,1]     -0.00      0.41     -0.00     -0.86      0.75   3928.11      1.00
matrix0[0,0]     -0.02      0.47     -0.02     -0.89      0.85    993.21      1.00
matrix0[0,1]     -0.01      0.48     -0.03     -0.86      0.92    750.14      1.01
matrix0[0,2]      0.00      0.48      0.01     -0.90      0.92    698.53      1.00
matrix0[0,3]      0.01      0.48      0.02     -0.89      0.89    777.18      1.01
matrix0[1,0]      0.04      0.82      0.03     -1.49      1.63    743.44      1.01
matrix0[1,1]      0.01      0.87      0.01     -1.56      1.68    572.37      1.01
matrix0[1,2]     -0.02      0.86     -0.01     -1.63      1.61    566.52      1.00
matrix0[1,3]     -0.02      0.84     -0.03     -1.57      1.58    624.75      1.00
matrix0[2,0]      0.03      0.69      0.03     -1.31      1.34    801.70      1.00
matrix0[2,1]     -0.01      0.74     -0.00     -1.40      1.39    615.69      1.01
matrix0[2,2]     -0.01      0.71     -0.01     -1.34      1.36    586.92      1.01
matrix0[2,3]     -0.02      0.71     -0.03     -1.34      1.30    701.94      1.01
matrix0[3,0]      0.06      1.12      0.05     -2.04      2.13    728.88      1.00
matrix0[3,1]      0.00      1.18      0.03     -2.15      2.19    545.02      1.01
matrix0[3,2]     -0.02      1.15     -0.00     -2.20      2.09    515.27      1.01
matrix0[3,3]     -0.03      1.14     -0.02     -2.13      2.12    602.05      1.01
matrix0[4,0]     -0.00      0.32     -0.01     -0.59      0.66   3271.95      1.00
matrix0[4,1]      0.00      0.32      0.00     -0.62      0.61   2816.06      1.00
matrix0[4,2]     -0.00      0.31     -0.00     -0.61      0.59   3555.11      1.00
matrix0[4,3]      0.01      0.31      0.01     -0.59      0.60   3173.60      1.00
matrix1[0,0]      0.02      0.93      0.01     -1.85      1.99   1108.44      1.00
matrix1[0,1]      0.07      0.92      0.05     -1.81      2.03   1015.16      1.00
matrix1[0,2]     -0.05      0.92     -0.03     -2.08      1.82    852.91      1.00
matrix1[1,0]     -0.00      0.97      0.01     -1.90      2.12    823.95      1.01
matrix1[1,1]     -0.03      0.97     -0.00     -2.06      1.99    954.68      1.00
matrix1[1,2]      0.03      0.98      0.03     -1.96      2.06    877.17      1.00
matrix1[2,0]      0.04      0.95      0.01     -1.99      1.98    856.53      1.00
matrix1[2,1]      0.05      0.95      0.01     -1.78      2.20    869.78      1.00
matrix1[2,2]     -0.02      0.95     -0.03     -1.97      1.96    729.82      1.01
matrix1[3,0]      0.02      0.96      0.00     -1.96      2.01    907.40      1.00
matrix1[3,1]     -0.01      0.92     -0.00     -2.08      1.80    871.36      1.01
matrix1[3,2]      0.02      0.95      0.02     -2.04      1.91    867.54      1.00
matrix2[0,0]     -0.00      1.35     -0.03     -2.10      2.09    281.83      1.02
matrix2[0,1]      0.00      1.36      0.03     -2.11      2.14    270.25      1.02
matrix2[1,0]      0.09      1.33      0.20     -2.12      2.09    394.39      1.01
matrix2[1,1]     -0.09      1.33     -0.18     -2.13      2.08    399.49      1.01
matrix2[2,0]     -0.05      1.35     -0.08     -2.17      2.04    313.70      1.03
matrix2[2,1]      0.05      1.34      0.12     -2.06      2.10    297.28      1.03

Mean pvalue is 0.51225
number of divergences is 0
	[[274  26]
 [  0 300]]
[[276  24]
 [  0 300]]
LOO


Computed from 4000 posterior samples and 600 observations log-likelihood matrix.

         Estimate       SE
elpd_loo  -130.33     5.89
p_loo        0.92        -
------

Pareto k diagnostic values:
                         Count   Pct.
(-Inf, 0.5]   (good)      600  100.0%
 (0.5, 0.7]   (ok)          0    0.0%
   (0.7, 1]   (bad)         0    0.0%
   (1, Inf)   (very bad)    0    0.0%

WAIC


elpdWAIC is Computed from 4000 posterior samples and 600 observations log-likelihood matrix.

          Estimate       SE
elpd_waic  -130.33     5.89
p_waic        0.91        -
elpdDIC is 156.13126
rse is 796.4774
rhat is 1.0270151
