
                mean       std    median      2.5%     97.5%     n_eff     r_hat
alpha[0,0]     -0.00      0.07     -0.00     -0.14      0.14   9691.55      1.00
 beta[0,0]     -0.00      0.10     -0.00     -0.21      0.19  26571.49      1.00
 beta[1,0]      0.00      0.07      0.00     -0.14      0.14   9670.24      1.00
 beta[2,0]     -0.00      0.10      0.00     -0.20      0.19  26958.12      1.00
 beta[3,0]      0.00      0.10      0.00     -0.20      0.20  23495.89      1.00
 beta[4,0]      0.00      0.10     -0.00     -0.20      0.20  25811.83      1.00
 beta[5,0]      0.00      0.08      0.00     -0.16      0.16  18492.43      1.00
 beta[6,0]      0.00      0.10     -0.00     -0.20      0.19  20021.96      1.00
 beta[7,0]     -0.00      0.10     -0.00     -0.20      0.19  27679.84      1.00
 beta[8,0]     -0.00      0.10     -0.00     -0.19      0.19  22773.14      1.00
 beta[9,0]     -0.00      0.10     -0.00     -0.19      0.19  23396.53      1.00
beta[10,0]      0.00      0.10     -0.00     -0.19      0.20  23686.87      1.00
beta[11,0]     -0.00      0.10     -0.00     -0.18      0.19  21384.84      1.00
beta[12,0]     -0.00      0.10     -0.00     -0.19      0.20  23912.51      1.00
beta[13,0]     -0.00      0.10      0.00     -0.20      0.20  23355.04      1.00
beta[14,0]      0.00      0.10      0.00     -0.20      0.20  25826.25      1.00
beta[15,0]      0.00      0.10     -0.00     -0.19      0.19  24064.96      1.00
beta[16,0]     -0.00      0.10     -0.00     -0.20      0.19  22412.49      1.00
beta[17,0]      0.00      0.10     -0.00     -0.19      0.20  23774.98      1.00
beta[18,0]      0.00      0.10      0.00     -0.20      0.19  23254.99      1.00
beta[19,0]     -0.00      0.10     -0.00     -0.19      0.20  27171.35      1.00
beta[20,0]     -0.00      0.10     -0.00     -0.19      0.20  25015.27      1.00
beta[21,0]      0.00      0.09     -0.00     -0.17      0.17  20716.98      1.00
beta[22,0]     -0.00      0.10     -0.00     -0.20      0.19  23741.13      1.00
beta[23,0]     -0.00      0.10     -0.00     -0.19      0.20  22628.12      1.00
beta[24,0]     -0.00      0.10     -0.00     -0.20      0.19  23897.18      1.00
beta[25,0]      0.00      0.10     -0.00     -0.20      0.19  25725.22      1.00
beta[26,0]      0.00      0.10      0.00     -0.20      0.19  22854.12      1.00
beta[27,0]     -0.00      0.10     -0.00     -0.19      0.20  22164.08      1.00
beta[28,0]      0.00      0.10      0.00     -0.20      0.19  23817.94      1.00
beta[29,0]      0.00      0.10      0.00     -0.20      0.20  21941.39      1.00
beta[30,0]     -0.00      0.10     -0.00     -0.18      0.20  24458.68      1.00
beta[31,0]     -0.00      0.10     -0.00     -0.19      0.20  22706.61      1.00
beta[32,0]     -0.00      0.10      0.00     -0.21      0.18  27141.96      1.00
beta[33,0]      0.00      0.10     -0.00     -0.20      0.19  25302.80      1.00
beta[34,0]      0.00      0.10      0.00     -0.19      0.20  20639.30      1.00
beta[35,0]     -0.00      0.10     -0.00     -0.20      0.19  25675.57      1.00
beta[36,0]     -0.00      0.07     -0.00     -0.15      0.14  22535.76      1.00
beta[37,0]     -0.00      0.10     -0.00     -0.20      0.19  22409.67      1.00
beta[38,0]     -0.00      0.10     -0.00     -0.20      0.20  21426.09      1.00
beta[39,0]      0.00      0.10      0.00     -0.19      0.19  22943.76      1.00
beta[40,0]      0.00      0.10      0.00     -0.20      0.19  25465.73      1.00
beta[41,0]      0.00      0.10      0.00     -0.19      0.20  29012.10      1.00
beta[42,0]     -0.00      0.10     -0.00     -0.20      0.20  23654.62      1.00
beta[43,0]     -0.00      0.10      0.00     -0.19      0.20  22582.86      1.00
beta[44,0]     -0.00      0.10      0.00     -0.19      0.20  23809.26      1.00
beta[45,0]     -0.00      0.10     -0.00     -0.20      0.19  27453.74      1.00
beta[46,0]     -0.00      0.10      0.00     -0.19      0.19  22791.74      1.00
beta[47,0]     -0.00      0.10      0.00     -0.20      0.18  22272.61      1.00
beta[48,0]      0.00      0.10      0.00     -0.20      0.19  22787.30      1.00
beta[49,0]     -0.00      0.10     -0.00     -0.19      0.20  22668.93      1.00
beta[50,0]      0.00      0.10      0.00     -0.20      0.19  24042.70      1.00
beta[51,0]     -0.00      0.10     -0.00     -0.20      0.19  20205.65      1.00
beta[52,0]     -0.00      0.10      0.00     -0.20      0.20  19603.73      1.00
beta[53,0]      0.00      0.10      0.00     -0.20      0.19  25701.11      1.00
beta[54,0]     -0.00      0.10     -0.00     -0.20      0.18  26427.39      1.00
beta[55,0]      0.00      0.10      0.00     -0.19      0.19  23423.44      1.00
beta[56,0]     -0.00      0.10     -0.00     -0.20      0.20  21235.45      1.00

Mean pvalue is 0.5179167
number of divergences is 0
[[154 146]
 [144 156]]
[[145 155]
 [153 147]]
LOO


Computed from 12000 posterior samples and 600 observations log-likelihood matrix.

         Estimate       SE
elpd_loo -249534.10     0.01
p_loo       -0.00        -
------

Pareto k diagnostic values:
                         Count   Pct.
(-Inf, 0.5]   (good)      600  100.0%
 (0.5, 0.7]   (ok)          0    0.0%
   (0.7, 1]   (bad)         0    0.0%
   (1, Inf)   (very bad)    0    0.0%

WAIC


elpdWAIC is Computed from 12000 posterior samples and 600 observations log-likelihood matrix.

          Estimate       SE
elpd_waic -249536.17     0.01
p_waic        2.06        -
elpdDIC is [-249535.23]
rse is 4011.6863
rhat is 1.0004593
